page
0009
0017
0034
0040
0055
0058
0066
0068
0070
0071
0073
0088
0093
0101
0113
0117
0121
0124
0132
0134
0146
0009
0017
0020
0027
0033
0042
0049
0096
0005
0010
0029
0032
0041
0052
0058
0083
0005
0015
0019
0027
0047
0063
0073
0005
0012
0019
0031
0040
0051
0073
0003
0006
0021
0054
0075
0090
0099
0101
0107
0003
0029
0039
0064
0081
0088
0090
0092
0095
0097
0100
0106
0111
0115
0003
0014
0015
0020
0022
0023
0026
0032
0034
0044
0046
0056
0065
0069
0076
0077
0080
0116
0126
0128
0003
0010
0011
0027
0030
0048
0051
0062
0065
0070
0072
0080
0090
0102
0003
0006
0007
0021
0029
0040
0043
0051
0063
0075
0099
0108
0109
0003
0009
0011
0030
0031
0033
0051
0055
0061
0066
0068
0072
0073
0081
0089
0093
0095
0097
0099
0113
0117
0121
0123
0125
0003
0005
0009
0026
0027
0040
0041
0051
0057
0059
0076
0077
0090
0093
0107
0127
0003
0011
0026
0027
0035
0039
0045
0055
0005
0008
0009
0020
0021
0033
0043
0051
0055
0090
0091
0101
0118
0119
0003
0008
0009
0023
0030
0033
0042
0045
0059
0061
0063
0071
0085
0087
0089
0102
0103
0120
0124
0128
0005
0016
0017
0024
0028
0031
0040
0041
0052
0057
0061
0069
0103
0116
0118
0120
0122
0124
0125
0005
0014
0015
0019
0052
0053
0060
0061
0069
0077
0081
0090
0091
0103
0105
0107
0112
0114
0115
0120
0121
0005
0019
0025
0036
0037
0050
0051
0058
0062
0063
0072
0073
0099
0101
0110
0111
0120
0121
0134
0135
0137
0149
0005
0007
0019
0028
0033
0043
0044
0047
0049
0055
0061
0067
0068
0070
0071
0075
0084
0087
0098
0101
0104
0109
0115
0123
0125
0137
0005
0007
0027
0032
0037
0046
0049
0051
0064
0068
0069
0077
0083
0085
0091
0099
0103
0107
0108
0110
0113
0124
0125
0131
0139
0005
0038
0040
0044
0045
0054
0055
0064
0067
0073
0080
0091
0106
0114
0129
0142
0005
0011
0012
0017
0030
0034
0035
0047
0070
0072
0073
0081
0090
0093
0105
0109
0120
0125
0161
0165
0005
0007
0015
0017
0024
0025
0027
0035
0042
0045
0061
0068
0070
0074
0084
0092
0111
0118
0121
0005
0011
0034
0040
0041
0058
0061
0069
0071
0084
0094
0115
0117
0008
0009
0033
0043
0063
0071
0081
0096
0099
0101
0113
0123
0005
0020
0021
0027
0049
0053
0056
0061
0063
0067
0069
0070
0077
0087
0088
0089
0092
0093
0098
0107
0005
0010
0011
0015
0025
0032
0035
0052
0053
0081
0083
0085
0094
0096
0099
0101
0115
0117
0005
0008
0019
0021
0049
0053
0055
0056
0064
0068
0077
0080
0005
0018
0021
0029
0039
0048
0072
0082
0085
0092
0005
0064
0068
0075
0077
0088
0092
0098
0109
0112
0005
0026
0027
0040
0052
0076
0080
0085
0101
0124
0005
0014
0021
0033
0038
0039
0047
0049
0066
0070
0081
0085
0092
0096
0106
0111
0112
0113
0117
0005
0016
0019
0029
0035
0049
0051
0052
0055
0074
0078
0080
0090
0095
0097
0100
0005
0059
0065
0075
0081
0085
0095
0099
0101
0115
0005
0014
0016
0026
0032
0041
0049
0058
0060
0066
0075
0077
0085
0112
0122
0006
0020
0021
0029
0032
0041
0045
0049
0056
0058
0067
0084
0088
0105
0005
0009
0031
0089
0102
0116
0005
0011
0026
0029
0033
0042
0045
0048
0069
0074
0075
0077
0081
0090
0092
0101
0113
0122
0125
0136
0138
0140
0143
0145
0147
0149
0005
0019
0066
0048
0096
0100
0110
0005
0019
0030
0042
0044
0051
0005
0008
0016
0021
0031
0045
0005
0008
0014
0018
0024
0037
0044
0054
0058
0063
0070
0075
0084
0086
0087
0003
0005
0010
0023
0034
0039
0049
0056
0063
0068
0076
0083
0087
0088
0003
0007
0017
0026
0037
0042
0047
0056
0062
0066
0069
0076
0085
0003
0006
0015
0021
0028
0035
0040
0051
0057
0064
0066
0069
0071
0003
0005
0016
0017
0018
0023
0029
0040
0046
0051
0060
0061
0064
0065
0069
0002
0003
0005
0022
0026
0036
0056
0060
0072
0001
0015
0016
0017
0018
0028
0029
0030
0043
0053
